epoch: 7.0
eval_accuracy: 0.9764795144157815
eval_loss: 0.11872318387031555
eval_runtime: 8.7816
eval_samples_per_second: 450.262
eval_steps_per_second: 0.456
lamb: 0.001
lamb_intra: 0.02
learning_rate: 3.0e-05
margin: 10.0
num_train_epochs: 7
objective: 0.9713322091062394
per_device_train_batch_size: 16
weight_decay: 0.1
