epoch: 15.0
eval_accuracy: 0.5095367847411444
eval_loss: 2.8650498390197754
eval_runtime: 2.4552
eval_samples_per_second: 448.439
eval_steps_per_second: 0.815
lamb: 0.05
lamb_intra: 0.2
learning_rate: 7.0e-05
margin: 0.25
num_train_epochs: 15
objective: 0.5332397003745318
per_device_train_batch_size: 64
weight_decay: 0
