epoch: 9.0
eval_accuracy: 0.7090316573556797
eval_loss: 0.8383249044418335
eval_runtime: 4.7611
eval_samples_per_second: 451.156
eval_steps_per_second: 0.63
lamb: 0.05
lamb_intra: 0.02
learning_rate: 7.0e-05
margin: 10.0
num_train_epochs: 9
objective: 0.7024793388429752
per_device_train_batch_size: 64
weight_decay: 0.01
