epoch: 7.0
eval_accuracy: 0.9767029627753862
eval_loss: 0.14201222360134125
eval_runtime: 9.711
eval_samples_per_second: 406.651
eval_steps_per_second: 6.384
lamb: 0.01
lamb_intra: 0.005
learning_rate: 2.0e-05
lm: 30
margin: 1.0
num_train_epochs: 7
objective: 0.9803038829487901
per_device_train_batch_size: 4
weight_decay: 0
