epoch: 11.0
eval_accuracy: 0.9761965054444163
eval_loss: 0.1389867514371872
eval_runtime: 8.8953
eval_samples_per_second: 443.941
eval_steps_per_second: 6.97
lamb: 0.01
lamb_intra: 0.002
learning_rate: 2.0e-05
lm: 1
margin: 5.0
num_train_epochs: 11
objective: 0.9786156443444006
per_device_train_batch_size: 8
weight_decay: 0.01
