epoch: 5.0
eval_accuracy: 0.9731577614585971
eval_loss: 0.10350955277681351
eval_runtime: 9.1801
eval_samples_per_second: 430.168
eval_steps_per_second: 6.754
lamb: 0.001
lamb_intra: 0.002
learning_rate: 7.0e-05
lm: 10
margin: 0.025
num_train_epochs: 5
objective: 0.9769274057400112
per_device_train_batch_size: 64
weight_decay: 0.01
