epoch: 12.0
eval_accuracy: 0.8329787234042553
eval_loss: 1.0645099878311157
eval_runtime: 2.3599
eval_samples_per_second: 398.319
eval_steps_per_second: 6.356
lamb: 0.005
lamb_intra: 1.0
learning_rate: 1.0e-05
lm: 10
margin: 5.0
num_train_epochs: 12
objective: 0.8526785714285714
per_device_train_batch_size: 8
weight_decay: 0
