epoch: 13.0
eval_accuracy: 0.8276595744680851
eval_loss: 1.3210926055908203
eval_runtime: 2.1488
eval_samples_per_second: 437.461
eval_steps_per_second: 6.981
lamb: 0.002
lamb_intra: 0.02
learning_rate: 3.0e-05
lm: 32
margin: 0.025
num_train_epochs: 13
objective: 0.8540178571428572
per_device_train_batch_size: 32
weight_decay: 0.01
