epoch: 3.0
eval_accuracy: 0.9631532773530518
eval_loss: 0.13820868730545044
eval_runtime: 70.3044
eval_samples_per_second: 226.984
eval_steps_per_second: 0.228
lamb: 0.2
lamb_intra: 0.05
learning_rate: 5.0e-05
margin: 0.25
num_train_epochs: 3
objective: 0.9637983848510164
per_device_train_batch_size: 32
weight_decay: 0
