epoch: 2.0
eval_accuracy: 0.8127659574468085
eval_loss: 0.4563213884830475
eval_runtime: 2.0835
eval_samples_per_second: 451.158
eval_steps_per_second: 0.48
lamb: 1.0
lamb_intra: 0.01
learning_rate: 5.0e-05
margin: 0.025
num_train_epochs: 2
objective: 0.8446428571428571
per_device_train_batch_size: 32
weight_decay: 0
