epoch: 4.0
eval_accuracy: 0.5485921889191644
eval_loss: 1.0740127563476562
eval_runtime: 2.4307
eval_samples_per_second: 452.95
eval_steps_per_second: 0.823
lamb: 0.02
lamb_intra: 1.0
learning_rate: 9.0e-06
margin: 5.0
num_train_epochs: 4
objective: 0.5847378277153558
per_device_train_batch_size: 16
weight_decay: 0.01
