epoch: 7.0
eval_accuracy: 0.8085106382978723
eval_loss: 1.2564175128936768
eval_runtime: 2.1799
eval_samples_per_second: 431.203
eval_steps_per_second: 6.881
lamb: 0.01
lamb_intra: 0.005
learning_rate: 2.0e-05
lm: 30
margin: 1.0
num_train_epochs: 7
objective: 0.8558035714285714
per_device_train_batch_size: 4
weight_decay: 0
