epoch: 8.0
eval_accuracy: 0.9741706761205369
eval_loss: 0.11164755374193192
eval_runtime: 19.3744
eval_samples_per_second: 203.825
eval_steps_per_second: 3.2
lamb: 0.1
lamb_intra: 0.2
learning_rate: 5.0e-05
lm: 40
margin: 0.05
num_train_epochs: 8
objective: 0.9780528981429375
per_device_train_batch_size: 32
weight_decay: 0.1
