epoch: 5.0
eval_accuracy: 0.824468085106383
eval_loss: 1.2184637784957886
eval_runtime: 2.1283
eval_samples_per_second: 441.667
eval_steps_per_second: 7.048
lamb: 0.01
lamb_intra: 0.005
learning_rate: 2.0e-05
lm: 30
margin: 1.0
num_train_epochs: 5
objective: 0.8607142857142858
per_device_train_batch_size: 4
weight_decay: 0
