epoch: 6.0
eval_accuracy: 0.9754368194479615
eval_loss: 0.08954953402280807
eval_runtime: 9.1634
eval_samples_per_second: 430.954
eval_steps_per_second: 6.766
lamb: 0.002
lamb_intra: 0.003
learning_rate: 2.0e-05
lm: 32
margin: 0.01
num_train_epochs: 6
objective: 0.9786156443444006
per_device_train_batch_size: 64
weight_decay: 0.1
